progress,open,high,low,close,volume
0.0757002271006813,0.0,0.0,0.0,0.0,594
0.1514004542013626,0.0,0.25,0.75,0.25,137
0.22710068130204392,0.0,0.0,0.5,-0.25,56
0.3028009084027252,0.0,-0.25,0.5,0.0,110
0.3785011355034065,0.0,-0.25,0.25,-0.5,87
0.45420136260408783,-0.5,-0.25,0.25,-0.25,67
0.5299015897047692,-0.25,-0.5,0.0,-0.5,63
0.6056018168054504,-0.75,-0.75,-0.25,-0.75,227
0.6813020439061317,-0.75,-1.0,-0.25,-1.0,20
0.757002271006813,-0.75,-0.75,-0.25,-0.75,144
0.8327024981074944,-0.75,-1.0,-0.5,-1.25,273
0.9084027252081757,-1.0,-1.25,-0.75,-1.25,175
0.9841029523088569,-1.25,-1.5,-0.75,-1.5,64
1.0598031794095384,-1.25,-1.25,-0.5,-1.0,98
1.1355034065102196,-1.25,-1.25,-0.5,-1.25,83
1.2112036336109009,-1.0,-1.25,-0.5,-1.0,6
1.2869038607115821,-1.0,-1.25,-0.5,-1.25,11
1.3626040878122634,-1.25,-1.25,-0.5,-1.0,23
1.4383043149129449,-1.0,-1.0,-0.25,-0.75,53
1.514004542013626,-1.0,-1.0,-0.25,-0.75,11
1.5897047691143074,-0.75,-1.0,0.0,-0.75,7
1.6654049962149888,-0.75,-1.0,-0.25,-1.0,52
1.74110522331567,-1.0,-1.0,-0.25,-1.0,125
1.8168054504163513,-1.0,-1.0,-0.25,-0.75,37
1.8925056775170326,-0.75,-1.0,-0.25,-1.0,4
1.9682059046177138,-1.0,-1.0,-0.25,-0.75,4
2.043906131718395,-1.0,-1.25,-0.25,-1.0,7
2.1196063588190768,-1.0,-1.25,-0.25,-1.0,16
2.195306585919758,-1.0,-1.0,-0.25,-0.75,5
2.2710068130204393,-1.0,-1.0,-0.25,-0.75,44
2.3467070401211205,-0.75,-1.0,0.0,-0.75,10
2.4224072672218018,-1.0,-1.0,-0.25,-0.75,43
2.498107494322483,-0.5,-0.25,-0.25,-1.0,258
2.5738077214231643,-1.0,-1.25,-0.5,-1.0,33
2.6495079485238455,-1.0,-1.25,-0.5,-1.0,9
2.7252081756245268,-1.25,-1.5,-0.5,-1.25,67
2.8009084027252085,-1.25,-1.5,-0.75,-1.5,261
2.8766086298258897,-1.75,-1.5,-1.5,-1.5,626
2.952308856926571,-1.5,-1.25,-1.0,-1.5,252
3.028009084027252,-1.75,-2.0,-1.5,-1.75,258
3.1037093111279335,-1.5,-1.5,-1.25,-2.0,49
3.1794095382286147,-2.0,-1.75,-1.5,-2.25,160
3.255109765329296,-2.0,-1.75,-1.5,-1.5,117
3.3308099924299777,-1.5,-1.75,-1.0,-1.75,7
3.406510219530659,-1.75,-2.0,-1.0,-1.75,44
3.48221044663134,-1.75,-1.75,-1.0,-1.5,16
3.5579106737320214,-1.25,-1.5,-0.75,-1.5,66
3.6336109008327027,-1.5,-1.75,-1.25,-2.0,34
3.709311127933384,-2.0,-2.0,-1.25,-2.0,7
3.785011355034065,-2.0,-1.75,-1.25,-1.75,299
3.8607115821347464,-1.75,-2.0,-1.25,-2.0,268
3.9364118092354277,-1.75,-2.0,-1.25,-2.0,93
4.012112036336109,-2.0,-2.0,-1.25,-2.0,8
4.08781226343679,-2.0,-2.0,-1.25,-2.0,24
4.163512490537472,-2.0,-2.0,-1.25,-1.75,60
4.2392127176381535,-1.75,-2.0,-1.5,-2.0,71
4.314912944738834,-2.0,-2.25,-1.5,-2.0,73
4.390613171839516,-2.0,-2.25,-1.25,-2.0,13
4.466313398940197,-1.75,-2.0,-1.25,-2.0,84
4.5420136260408785,-2.0,-2.25,-1.5,-2.25,206
4.617713853141559,-2.25,-2.25,-1.75,-2.0,162
4.693414080242241,-2.0,-1.75,-1.25,-2.0,96
4.769114307342922,-1.75,-2.0,-1.5,-2.25,196
4.8448145344436035,-2.25,-2.0,-1.5,-2.0,47
4.920514761544285,-1.75,-2.0,-1.25,-2.0,44
4.996214988644966,-2.0,-2.0,-1.25,-2.0,87
5.071915215745648,-2.0,-2.25,-1.5,-2.0,70
5.1476154428463285,-1.75,-1.75,-1.25,-1.5,224
5.22331566994701,-1.5,-1.5,-0.75,-1.25,90
5.299015897047691,-1.25,-1.25,-0.5,-1.0,18
5.374716124148373,-1.25,-1.25,-0.5,-1.25,10
5.4504163512490535,-1.25,-1.5,-0.5,-1.25,4
5.526116578349735,-1.0,-1.25,-0.75,-1.5,22
5.601816805450417,-1.25,-1.5,-0.5,-1.25,10
5.677517032551098,-1.0,-1.25,-0.25,-1.0,44
5.753217259651779,-1.25,-1.25,-0.5,-1.0,24
5.82891748675246,-1.0,-1.0,-0.25,-0.75,10
5.904617713853142,-0.75,-1.0,0.0,-0.75,2
5.980317940953823,-0.75,-1.0,-0.25,-1.0,65
6.056018168054504,-1.0,-1.25,-0.25,-1.0,5
6.131718395155186,-1.0,-1.25,-0.75,-1.25,40
6.207418622255867,-1.0,-1.25,-0.5,-1.25,29
6.283118849356549,-1.0,-1.25,-0.25,-1.0,9
6.358819076457229,-1.0,-1.25,-0.5,-1.0,14
6.434519303557911,-1.0,-1.0,-0.25,-1.0,47
6.510219530658592,-1.0,-1.25,-0.25,-1.0,24
6.585919757759274,-1.0,-1.25,-0.5,-1.25,74
6.661619984859955,-1.0,-1.0,-0.25,-1.0,51
6.737320211960636,-1.0,-1.25,-0.5,-1.0,28
6.813020439061318,-1.0,-1.0,-0.5,-1.0,78
6.888720666161999,-1.0,-1.0,-0.5,-1.0,95
6.96442089326268,-1.0,-1.0,-0.5,-1.0,46
7.040121120363361,-1.25,-1.25,-0.75,-1.25,17
7.115821347464043,-1.5,-1.5,-1.0,-1.5,133
7.191521574564724,-1.25,-1.5,-1.0,-1.75,71
7.267221801665405,-1.5,-1.75,-1.0,-1.5,19
7.342922028766087,-1.5,-1.5,-0.75,-1.25,9
7.418622255866768,-1.5,-1.75,-0.75,-1.5,28
7.4943224829674495,-1.5,-1.75,-1.0,-1.75,67
7.57002271006813,-1.75,-1.75,-1.25,-2.0,49
7.645722937168812,-1.75,-1.75,-1.0,-1.5,114
7.721423164269493,-1.5,-1.75,-1.25,-2.0,122
7.7971233913701745,-2.25,-2.25,-1.5,-2.0,120
7.872823618470855,-2.0,-2.0,-1.25,-1.75,70
7.948523845571537,-2.0,-2.0,-1.25,-1.75,130
8.024224072672219,-1.75,-1.5,-1.0,-1.5,85
8.0999242997729,-1.25,0.25,-0.5,0.25,609
8.17562452687358,0.0,0.0,0.5,-0.25,166
8.251324753974263,-0.25,0.25,0.25,0.0,555
8.327024981074944,0.0,0.0,0.25,-0.25,381
8.402725208175625,-0.5,-0.25,0.25,-0.5,208
8.478425435276307,-0.25,-0.5,0.25,-0.25,292
8.554125662376988,0.0,-0.25,0.25,0.0,102
8.629825889477669,0.0,0.25,0.5,0.5,60
8.70552611657835,0.5,1.25,1.0,1.25,466
8.781226343679032,1.25,2.25,2.0,2.25,716
8.856926570779713,2.25,2.5,3.0,2.5,298
8.932626797880394,2.5,2.75,2.75,2.25,462
9.008327024981075,2.25,2.0,2.75,2.0,127
9.084027252081757,2.0,1.75,2.25,1.5,64
9.159727479182438,1.5,1.5,2.0,1.25,306
9.235427706283119,1.25,1.5,2.0,1.75,218
9.311127933383801,1.75,2.0,2.25,2.25,184
9.386828160484482,2.0,2.5,2.5,2.5,256
9.462528387585163,2.5,2.25,2.0,1.25,254
9.538228614685844,1.25,1.75,2.0,1.25,271
9.613928841786526,1.25,1.0,1.5,0.75,141
9.689629068887207,0.75,1.25,1.25,1.5,161
9.765329295987888,1.5,1.75,1.75,1.25,478
9.84102952308857,1.25,1.25,1.5,1.0,352
9.916729750189251,1.25,1.25,1.5,0.75,103
9.992429977289932,1.0,1.0,1.5,1.25,207
10.068130204390613,1.25,1.0,1.5,1.0,68
10.143830431491295,1.0,1.0,1.5,1.25,101
10.219530658591976,1.25,1.0,1.75,1.0,29
10.295230885692657,1.0,2.5,1.75,2.25,567
10.37093111279334,2.25,2.25,3.0,2.5,424
10.44663133989402,2.5,2.5,2.75,2.5,478
10.522331566994701,2.5,2.5,3.0,2.5,430
10.598031794095382,2.5,2.25,2.5,1.75,211
10.673732021196065,1.75,1.5,2.0,1.5,184
10.749432248296745,1.75,1.75,2.25,2.0,134
10.825132475397426,2.0,1.75,2.75,2.0,79
10.900832702498107,1.75,1.75,2.25,1.5,85
10.97653292959879,1.5,1.5,2.25,1.75,83
11.05223315669947,1.75,1.5,2.5,1.75,60
11.127933383800151,1.75,1.75,1.75,1.0,194
11.203633610900834,1.25,1.25,1.5,0.75,163
11.279333838001515,1.0,0.75,1.5,1.0,53
11.355034065102195,1.25,1.25,2.0,1.25,86
11.430734292202876,1.25,1.25,2.0,1.5,86
11.506434519303559,1.5,1.75,2.25,1.75,92
11.58213474640424,2.0,1.75,2.25,1.5,112
11.65783497350492,1.5,2.0,2.25,2.25,87
11.733535200605603,2.0,1.75,2.5,1.75,85
11.809235427706284,1.5,1.5,2.25,1.75,34
11.884935654806965,1.75,1.5,2.25,1.5,38
11.960635881907645,1.5,1.5,2.25,1.75,32
12.036336109008328,1.75,1.5,2.25,1.5,132
12.112036336109009,1.75,2.25,2.5,2.5,202
12.18773656320969,2.5,4.75,3.25,4.5,1286
12.263436790310372,4.75,4.75,4.75,4.0,521
12.339137017411053,4.0,4.25,4.5,4.0,354
12.414837244511734,4.0,4.0,4.75,4.25,238
12.490537471612415,4.0,4.5,4.75,4.75,107
12.566237698713097,4.75,4.75,5.25,4.5,327
12.641937925813778,4.75,5.0,5.5,5.0,282
12.717638152914459,4.75,5.5,5.25,5.25,629
12.793338380015141,5.0,5.0,5.25,4.75,230
12.869038607115822,4.75,4.75,5.25,4.75,38
12.944738834216503,4.5,4.5,5.25,4.5,80
13.020439061317184,4.5,4.5,5.0,4.5,123
13.096139288417866,4.5,4.25,5.25,4.5,115
13.171839515518547,4.5,4.5,5.25,4.5,37
13.247539742619228,4.5,4.5,5.0,4.5,39
13.32323996971991,4.5,4.25,4.75,4.0,81
13.398940196820591,4.0,4.25,4.75,4.5,207
13.474640423921272,4.5,4.25,5.0,4.25,404
13.550340651021953,4.25,4.25,5.0,4.25,172
13.626040878122636,4.25,4.25,4.75,4.0,425
13.701741105223316,4.25,4.0,4.25,4.0,475
13.777441332323997,4.0,4.5,4.5,4.5,401
13.853141559424678,4.75,5.25,5.25,5.25,700
13.92884178652536,5.25,5.0,5.5,5.0,518
14.004542013626041,5.0,4.75,5.25,4.75,190
14.080242240726722,4.75,5.0,5.5,5.25,275
14.155942467827405,5.0,6.5,5.75,6.5,952
14.231642694928086,6.5,6.5,7.0,6.25,214
14.307342922028766,6.25,6.0,6.5,6.0,243
14.383043149129447,6.0,6.5,6.75,6.5,190
14.45874337623013,6.75,6.5,7.0,6.5,132
14.53444360333081,6.5,6.25,7.0,6.25,29
14.610143830431491,6.25,6.25,7.0,6.5,26
14.685844057532174,6.5,7.0,7.0,7.0,671
14.761544284632855,7.0,7.0,7.25,7.0,670
14.837244511733536,6.75,7.0,7.5,6.75,439
14.912944738834216,7.0,6.75,7.25,6.75,155
14.988644965934899,6.75,6.75,6.75,6.0,333
15.06434519303558,6.0,6.25,6.75,6.25,194
15.14004542013626,6.0,6.25,6.75,6.0,171
15.215745647236943,6.0,6.25,6.75,6.25,199
15.291445874337624,6.25,6.25,6.75,6.25,79
15.367146101438305,6.25,6.25,6.75,6.0,108
15.442846328538986,6.0,5.75,6.5,5.75,234
15.518546555639668,5.75,5.5,6.0,5.5,499
15.594246782740349,5.5,6.0,6.25,6.25,99
15.66994700984103,6.25,6.0,6.75,6.0,70
15.74564723694171,6.0,6.0,6.75,6.0,54
15.821347464042393,6.0,6.0,6.5,5.75,103
15.897047691143074,5.5,5.5,6.0,5.25,263
15.972747918243755,5.25,5.75,5.75,5.75,506
16.048448145344437,5.75,5.75,6.5,5.75,266
16.124148372445116,5.75,5.75,6.0,5.75,502
16.1998485995458,5.75,6.0,6.5,6.25,347
16.27554882664648,6.5,6.5,7.25,6.75,468
16.35124905374716,6.5,7.0,7.25,6.75,424
16.426949280847843,6.75,7.0,7.5,7.0,844
16.502649507948526,7.25,7.0,7.25,6.5,279
16.578349735049205,6.75,6.5,7.0,6.5,796
16.654049962149887,6.25,6.25,7.0,6.5,259
16.72975018925057,6.5,6.25,7.0,6.25,163
16.80545041635125,6.25,6.0,6.5,5.75,496
16.88115064345193,5.75,5.5,6.25,5.5,97
16.956850870552614,5.5,5.25,5.75,5.0,433
17.032551097653293,5.0,4.75,4.75,4.75,729
17.108251324753976,4.75,5.0,5.5,5.25,125
17.183951551854655,5.0,4.75,5.5,5.0,243
17.259651778955337,4.75,4.75,5.5,5.0,397
17.33535200605602,5.25,5.0,5.5,4.75,100
17.4110522331567,4.75,4.75,5.0,4.5,418
17.48675246025738,4.5,4.25,4.75,4.0,146
17.562452687358064,4.0,3.75,4.0,3.5,539
17.638152914458743,3.5,3.5,4.0,3.5,275
17.713853141559426,3.75,3.5,4.25,3.75,182
17.78955336866011,4.0,3.75,4.25,3.5,199
17.865253595760787,3.5,3.75,4.25,3.5,155
17.94095382286147,3.75,3.75,4.25,4.0,147
18.01665404996215,3.75,4.25,4.5,4.25,319
18.09235427706283,4.25,4.25,4.75,4.25,96
18.168054504163514,4.0,4.0,4.5,3.75,96
18.243754731264193,4.0,4.5,4.75,4.5,427
18.319454958364876,4.5,4.5,5.25,4.75,84
18.39515518546556,4.75,5.0,5.5,5.0,206
18.470855412566237,5.0,5.0,5.75,5.0,26
18.54655563966692,5.25,5.25,5.75,5.25,87
18.622255866767603,5.25,5.0,5.5,4.75,97
18.69795609386828,5.0,4.75,5.5,5.0,48
18.773656320968964,5.0,4.75,5.75,5.0,25
18.849356548069647,5.25,5.0,5.75,5.0,38
18.925056775170326,5.0,4.75,5.5,4.75,79
19.00075700227101,4.75,4.75,5.5,4.75,24
19.076457229371687,4.75,4.75,5.5,5.0,43
19.15215745647237,5.0,6.0,5.75,6.0,394
19.227857683573053,6.0,6.0,6.5,5.75,170
19.30355791067373,5.75,5.5,5.25,4.5,431
19.379258137774414,4.5,5.5,5.25,5.75,274
19.454958364875097,5.5,6.5,6.25,6.25,209
19.530658591975776,6.5,6.5,7.0,6.5,117
19.60635881907646,6.5,6.5,7.0,6.5,209
19.68205904617714,6.25,6.0,6.75,6.25,75
19.75775927327782,6.25,8.25,7.0,8.5,1288
19.833459500378503,8.25,8.0,7.75,7.25,537
19.90915972747918,7.25,7.0,7.75,7.0,61
19.984859954579864,6.75,7.0,7.5,7.0,72
20.060560181680547,7.0,6.75,7.25,6.75,152
20.136260408781226,7.0,6.75,7.25,6.5,67
20.21196063588191,6.25,6.5,7.0,6.75,53
20.28766086298259,7.0,6.75,7.5,6.75,69
20.36336109008327,6.75,6.5,7.0,6.25,143
20.439061317183953,6.25,6.25,6.5,5.75,105
20.514761544284635,5.75,5.75,5.75,5.5,322
20.590461771385314,5.25,5.25,5.75,5.25,58
20.666161998485997,5.5,6.25,6.0,6.5,178
20.74186222558668,6.25,6.25,6.75,6.5,105
20.81756245268736,6.5,6.25,7.0,6.5,65
20.89326267978804,6.5,7.0,7.25,7.0,101
20.96896290688872,7.0,7.0,7.0,6.25,107
21.044663133989403,6.5,6.25,7.0,6.5,43
21.120363361090085,6.5,6.25,6.75,6.25,104
21.196063588190764,6.25,6.5,7.0,6.5,57
21.271763815291447,6.25,6.75,7.0,6.75,66
21.34746404239213,6.75,7.0,7.5,7.25,67
21.42316426949281,7.0,7.25,7.75,7.25,97
21.49886449659349,7.25,7.0,7.5,6.75,82
21.574564723694174,7.0,6.75,7.25,6.5,77
21.650264950794853,6.5,6.75,7.25,7.0,104
21.725965177895535,6.75,6.75,7.5,7.0,14
21.801665404996214,6.75,6.5,7.5,6.75,46
21.877365632096897,6.75,6.75,7.5,7.0,12
21.95306585919758,7.0,6.75,7.5,7.0,26
22.02876608629826,7.0,7.25,7.75,7.25,71
22.10446631339894,7.5,7.25,8.0,7.5,65
22.180166540499624,7.5,7.25,8.0,7.25,25
22.255866767600303,7.5,7.75,8.0,8.0,182
22.331566994700985,8.0,7.75,8.25,7.5,64
22.407267221801668,7.5,7.5,8.25,7.5,162
22.482967448902347,7.5,7.5,8.25,7.5,73
22.55866767600303,7.5,7.75,8.25,7.75,117
22.634367903103712,7.5,7.5,7.75,7.25,118
22.71006813020439,7.25,7.0,7.75,7.0,83
22.785768357305074,7.25,7.0,6.75,6.0,229
22.861468584405753,6.25,6.0,6.75,6.0,140
22.937168811506435,6.25,6.0,6.0,5.5,311
23.012869038607118,5.75,5.5,6.0,5.75,131
23.088569265707797,5.75,5.75,6.5,5.75,33
23.16426949280848,5.75,5.75,6.5,5.75,49
23.239969719909162,5.75,5.75,6.0,5.25,165
23.31566994700984,5.5,5.5,6.0,5.5,71
23.391370174110524,5.5,5.5,6.25,5.5,90
23.467070401211206,5.5,5.5,6.0,5.75,45
23.542770628311885,5.5,5.75,6.0,5.75,122
23.618470855412568,5.75,5.75,6.5,6.0,111
23.69417108251325,6.0,5.75,6.5,5.75,126
23.76987130961393,6.0,6.0,6.75,6.0,96
23.845571536714612,6.0,5.75,6.5,6.0,20
23.92127176381529,6.0,6.25,6.75,6.25,117
23.996971990915974,6.0,5.75,6.25,5.75,203
24.072672218016656,5.75,5.5,6.25,5.75,35
24.148372445117335,5.75,5.5,6.0,5.5,88
24.224072672218018,5.5,5.25,6.0,5.5,52
24.2997728993187,5.5,5.25,6.0,5.25,55
24.37547312641938,5.5,5.25,6.0,5.5,23
24.451173353520062,5.5,5.25,6.0,5.25,28
24.526873580620745,5.25,5.5,6.0,5.5,49
24.602573807721424,5.5,5.25,5.75,5.25,101
24.678274034822106,5.25,5.25,5.75,5.5,232
24.753974261922785,5.5,5.25,5.75,5.25,540
24.829674489023468,5.5,5.25,6.0,5.5,397
24.90537471612415,5.25,5.25,6.0,5.25,369
24.98107494322483,5.5,5.5,6.0,5.25,624
25.056775170325512,5.5,5.5,6.0,5.75,367
25.132475397426195,6.0,5.75,6.5,5.75,892
25.208175624526874,6.0,5.75,6.25,5.75,253
25.283875851627556,5.75,5.5,6.25,5.5,77
25.35957607872824,5.5,5.5,6.25,5.75,144
25.435276305828918,5.75,5.75,6.5,6.0,302
25.5109765329296,6.0,6.0,6.75,6.25,360
25.586676760030283,6.0,6.0,6.5,6.0,50
25.662376987130962,6.0,6.0,6.75,6.0,20
25.738077214231645,6.25,6.0,6.75,6.25,15
25.813777441332324,6.0,6.25,6.75,6.25,65
25.889477668433006,6.5,6.5,6.75,6.0,128
25.96517789553369,6.0,6.25,6.5,6.5,123
26.040878122634368,6.25,6.5,7.0,6.75,150
26.11657834973505,6.75,6.5,6.75,6.25,87
26.192278576835733,6.25,6.25,6.75,6.25,84
26.267978803936412,6.25,6.25,7.0,6.25,9
26.343679031037095,6.5,6.5,7.25,6.5,123
26.419379258137777,6.25,6.0,7.0,6.25,53
26.495079485238456,6.5,6.25,7.0,6.25,2
26.57077971233914,6.5,6.25,7.0,6.5,10
26.64647993943982,6.25,7.0,7.0,7.0,287
26.7221801665405,7.0,7.0,7.5,6.75,118
26.797880393641183,6.75,6.75,7.5,6.75,23
26.873580620741862,6.75,6.75,7.5,7.0,18
26.949280847842545,6.75,7.25,7.5,7.5,75
27.024981074943227,7.5,7.25,8.0,7.25,45
27.100681302043906,7.25,7.0,8.0,7.25,133
27.17638152914459,7.0,7.0,7.5,7.0,217
27.25208175624527,7.0,7.0,7.75,7.25,84
27.32778198334595,7.0,7.25,7.75,7.5,31
27.403482210446633,7.5,7.25,8.0,7.25,30
27.479182437547315,7.5,7.25,7.75,7.0,31
27.554882664647995,7.25,7.25,7.75,7.5,42
27.630582891748677,7.5,7.25,8.0,7.25,46
27.706283118849356,7.25,7.0,7.75,7.0,42
27.78198334595004,7.25,7.0,7.75,7.0,68
27.85768357305072,7.25,7.0,7.75,7.25,148
27.9333838001514,7.25,7.0,8.0,7.25,6
28.009084027252083,7.25,7.0,7.75,7.0,26
28.084784254352765,7.25,7.0,7.75,7.0,10
28.160484481453445,7.0,7.0,7.75,7.25,8
28.236184708554127,7.25,7.0,7.75,7.0,6
28.31188493565481,7.0,7.0,7.5,7.0,127
28.38758516275549,6.75,6.75,7.5,7.0,21
28.46328538985617,7.0,7.0,7.75,7.25,99
28.538985616956854,7.25,7.25,8.0,7.25,41
28.614685844057533,7.5,7.75,8.25,7.75,134
28.690386071158215,7.5,7.5,8.0,7.25,104
28.766086298258895,7.25,7.0,8.0,7.25,5
28.841786525359577,7.25,7.0,7.75,7.0,43
28.91748675246026,7.0,7.0,7.5,7.25,82
28.99318697956094,7.0,7.0,7.75,7.0,11
29.06888720666162,7.0,6.75,7.5,7.0,71
29.144587433762304,7.25,7.0,7.75,7.25,6
29.220287660862983,7.25,7.0,7.75,7.0,14
29.295987887963665,7.0,6.75,7.5,6.75,51
29.371688115064348,7.0,6.75,7.75,7.0,28
29.447388342165027,7.25,7.25,7.75,7.0,66
29.52308856926571,7.25,7.0,7.75,7.25,50
29.59878879636639,7.25,7.0,7.5,7.0,70
29.67448902346707,6.75,6.75,7.5,6.75,61
29.750189250567754,7.0,7.25,7.75,7.0,150
29.825889477668433,7.25,7.0,7.75,7.25,20
29.901589704769115,7.25,7.0,7.75,7.25,80
29.977289931869798,7.25,7.5,8.0,7.75,90
30.052990158970477,7.5,7.25,8.0,7.25,20
30.12869038607116,7.25,7.25,8.0,7.5,25
30.204390613171842,7.5,7.25,8.0,7.5,5
30.28009084027252,7.25,7.25,7.5,6.75,183
30.355791067373204,7.0,7.0,7.75,7.0,103
30.431491294473886,7.0,6.75,7.5,7.0,44
30.507191521574565,6.75,6.75,7.5,7.0,23
30.582891748675248,7.0,6.75,7.5,7.0,12
30.658591975775927,7.0,6.75,7.5,7.0,24
30.73429220287661,6.75,6.75,7.0,6.5,144
30.809992429977292,6.25,6.5,7.0,6.75,161
30.88569265707797,6.5,6.25,7.0,6.5,93
30.961392884178654,6.25,6.25,6.75,6.0,48
31.037093111279336,6.25,6.0,6.5,6.0,122
31.112793338380015,6.0,6.0,6.75,6.25,76
31.188493565480698,6.0,6.0,6.75,6.0,12
31.26419379258138,6.25,6.0,6.75,6.25,38
31.33989401968206,6.5,6.5,7.25,6.75,36
31.415594246782742,6.75,6.75,7.5,7.0,108
31.49129447388342,6.75,6.75,7.5,7.0,115
31.566994700984104,6.75,6.5,7.5,6.75,94
31.642694928084786,6.5,6.5,7.25,6.75,67
31.718395155185465,6.75,6.5,7.25,6.5,17
31.794095382286148,6.5,6.25,7.25,6.5,97
31.86979560938683,6.75,7.0,7.5,7.25,71
31.94549583648751,7.25,7.75,8.0,7.5,327
32.02119606358819,7.5,7.25,8.0,7.25,124
32.096896290688875,7.0,6.75,7.5,7.0,117
32.17259651778956,7.0,7.0,7.75,7.25,50
32.24829674489023,7.25,8.0,8.0,8.0,369
32.323996971990915,8.0,8.0,8.5,8.0,115
32.3996971990916,8.0,7.75,8.5,7.75,12
32.47539742619228,7.75,7.75,8.5,8.0,31
32.55109765329296,7.75,7.75,8.25,7.5,99
32.626797880393646,7.75,7.5,8.5,7.75,12
32.70249810749432,7.75,7.5,8.25,7.5,14
32.778198334595004,7.75,7.75,8.5,7.75,71
32.85389856169569,7.75,7.75,8.25,7.75,75
32.92959878879637,7.75,7.5,8.25,7.5,6
33.00529901589705,7.5,7.75,8.25,8.0,70
33.08099924299773,7.75,7.75,8.5,8.0,82
33.15669947009841,8.0,8.0,8.75,8.25,28
33.23239969719909,8.25,8.0,8.5,8.0,60
33.308099924299775,7.75,8.0,8.5,8.25,60
33.38380015140046,8.25,8.0,8.5,7.75,88
33.45950037850114,7.75,7.5,8.5,7.75,30
33.535200605601815,7.5,7.5,8.25,7.5,69
33.6109008327025,7.25,7.5,8.0,7.5,38
33.68660105980318,7.5,7.25,8.0,7.25,14
33.76230128690386,7.25,7.25,8.0,7.25,90
33.838001514004546,7.25,7.0,8.0,7.25,93
33.91370174110523,7.25,7.25,8.0,7.5,104
33.989401968205904,7.5,7.25,7.75,7.0,63
34.06510219530659,7.0,7.0,7.75,7.0,35
34.14080242240727,7.25,7.25,7.75,7.5,72
34.21650264950795,7.25,7.75,8.0,8.0,82
34.292202876608634,8.0,8.0,8.75,8.25,182
34.36790310370931,8.25,8.0,8.5,8.0,93
34.44360333080999,8.0,8.0,8.75,8.25,55
34.519303557910675,8.25,8.25,9.0,8.5,60
34.59500378501136,8.5,8.25,9.0,8.5,89
34.67070401211204,8.5,8.25,9.0,8.5,13
34.74640423921272,8.25,8.25,9.0,8.5,172
34.8221044663134,8.25,8.25,9.0,8.5,92
34.89780469341408,8.75,8.5,8.25,7.75,224
34.97350492051476,7.75,8.0,8.5,8.25,73
35.049205147615446,8.25,8.0,8.75,8.0,43
35.12490537471613,8.0,8.0,8.25,7.5,103
35.200605601816804,7.75,7.75,8.5,7.75,34
35.27630582891749,8.0,8.0,8.75,8.25,71
35.35200605601817,8.25,8.25,9.0,8.5,69
35.42770628311885,8.5,8.25,8.5,8.0,130
35.503406510219534,8.0,8.25,8.5,8.0,89
35.57910673732022,8.25,8.25,8.75,8.5,161
35.65480696442089,8.25,8.5,9.0,8.75,115
35.730507191521575,8.75,8.5,8.25,7.75,211
35.80620741862226,7.75,7.5,8.25,7.75,106
35.88190764572294,7.75,7.5,7.75,7.0,138
35.95760787282362,7.0,7.0,7.25,7.25,197
36.0333080999243,7.0,7.5,7.75,7.5,290
36.10900832702498,7.25,7.5,8.0,7.75,175
36.18470855412566,7.75,7.75,8.5,8.0,209
36.260408781226346,8.0,8.0,8.0,8.0,278
36.33610900832703,8.0,8.0,8.5,8.25,235
36.41180923542771,8.25,8.25,8.75,8.0,175
36.48750946252839,7.75,8.0,8.5,8.0,155
36.56320968962907,8.25,8.25,8.75,8.5,233
36.63890991672975,8.5,8.25,8.75,8.0,240
36.714610143830434,7.75,7.75,8.25,7.75,187
36.79031037093112,7.75,7.75,8.0,7.75,376
36.86601059803179,7.75,7.5,7.75,7.0,247
36.941710825132475,7.25,7.0,7.5,7.25,180
37.01741105223316,7.25,7.0,7.5,7.0,74
37.09311127933384,7.0,6.75,7.25,6.5,98
37.16881150643452,6.5,6.25,7.0,6.25,63
37.244511733535205,6.25,6.0,5.25,5.25,1099
37.32021196063588,5.0,4.75,4.75,4.0,191
37.39591218773656,4.0,4.5,4.75,4.5,188
37.471612414837246,4.25,4.0,3.75,3.0,451
37.54731264193793,2.75,3.0,2.25,1.75,759
37.62301286903861,1.75,2.25,2.25,2.25,398
37.698713096139294,2.25,2.75,2.75,2.75,317
37.77441332323997,3.0,2.75,3.0,2.5,306
37.85011355034065,2.5,2.25,3.0,2.25,184
37.925813777441334,2.25,2.0,2.25,1.5,224
38.00151400454202,1.5,2.0,2.0,2.25,452
38.0772142316427,2.25,2.25,2.75,2.25,123
38.152914458743375,2.0,2.25,2.75,2.5,85
38.22861468584406,2.25,2.25,3.0,2.5,37
38.30431491294474,2.5,2.5,3.25,2.75,137
38.38001514004542,3.0,2.75,3.25,2.75,92
38.455715367146105,2.75,3.0,3.5,2.75,195
38.53141559424679,2.75,2.75,3.5,3.0,48
38.60711582134746,3.0,2.75,3.5,3.0,86
38.682816048448146,2.75,2.5,3.25,2.5,61
38.75851627554883,2.5,2.75,3.25,3.0,58
38.83421650264951,3.0,3.0,3.75,3.0,22
38.909916729750194,3.25,3.0,3.75,3.0,17
38.98561695685087,3.25,3.0,3.25,2.5,146
39.06131718395155,2.5,2.75,3.25,3.0,108
39.137017411052234,3.0,3.25,3.5,3.5,91
39.21271763815292,3.25,3.75,4.0,3.75,236
39.2884178652536,3.5,3.5,4.0,3.75,136
39.36411809235428,3.5,3.5,3.5,2.75,267
39.43981831945496,2.5,2.5,3.0,2.25,213
39.51551854655564,2.0,2.0,2.25,1.75,175
39.59121877365632,2.0,1.75,2.5,2.0,36
39.666919000757005,2.0,2.0,2.5,2.25,337
39.74261922785769,2.25,2.75,3.0,3.0,50
39.81831945495836,3.0,3.0,3.5,3.25,56
39.894019682059046,3.25,3.75,3.5,3.5,320
39.96971990915973,3.75,3.5,4.5,3.75,46
40.04542013626041,3.75,3.5,3.5,3.0,274
40.12112036336109,3.25,3.25,4.0,3.5,32
40.196820590461776,3.75,3.5,4.0,3.5,119
40.27252081756245,3.75,3.75,4.5,4.0,67
40.348221044663134,4.0,4.0,4.5,4.25,126
40.42392127176382,4.25,4.0,4.25,3.75,59
40.4996214988645,3.75,3.75,4.25,4.0,71
40.57532172596518,4.0,4.0,4.75,4.25,37
40.651021953065865,4.0,4.0,4.75,4.0,47
40.72672218016654,4.25,4.0,4.5,3.75,41
40.80242240726722,4.0,4.5,4.75,4.5,157
40.878122634367905,4.75,4.5,5.25,4.75,21
40.95382286146859,4.5,4.25,2.75,2.0,780
41.02952308856927,2.0,2.5,2.75,2.25,350
41.105223315669946,2.5,2.25,2.75,2.0,134
41.18092354277063,2.25,2.75,2.75,2.75,163
41.25662376987131,2.75,2.75,3.0,2.5,208
41.33232399697199,2.25,2.25,2.75,2.0,113
41.408024224072676,2.0,2.25,2.5,2.0,166
41.48372445117336,2.0,1.75,2.25,1.75,183
41.559424678274034,1.75,2.0,2.25,2.25,163
41.63512490537472,2.25,2.0,2.5,2.0,152
41.7108251324754,2.0,1.75,2.25,2.0,97
41.78652535957608,2.0,2.5,2.75,2.25,262
41.862225586676765,2.25,2.25,3.0,2.25,77
41.93792581377744,2.5,2.25,2.75,2.25,117
42.01362604087812,2.25,2.25,3.0,2.25,66
42.089326267978805,2.0,1.75,2.5,1.75,156
42.16502649507949,1.75,1.5,2.25,1.5,43
42.24072672218017,1.75,1.5,2.5,1.75,92
42.31642694928085,1.75,1.75,2.25,1.75,122
42.39212717638153,1.75,1.5,2.0,1.75,186
42.46782740348221,1.75,2.0,2.25,2.25,91
42.54352763058289,2.25,2.25,2.75,2.25,150
42.619227857683576,2.25,2.25,3.0,2.25,109
42.69492808478426,2.25,2.5,3.0,2.75,124
42.770628311884934,2.75,2.75,3.25,2.5,114
42.84632853898562,2.25,2.0,2.25,1.75,330
42.9220287660863,1.75,1.75,2.25,2.0,104
42.99772899318698,2.0,2.0,2.5,1.75,123
43.073429220287665,1.75,1.5,1.75,1.5,229
43.14912944738835,1.5,1.75,1.75,1.5,139
43.22482967448902,1.5,1.75,2.25,2.0,63
43.300529901589705,2.0,2.5,2.75,2.5,162
43.37623012869039,2.5,2.5,3.0,2.5,69
43.45193035579107,2.5,2.25,3.0,2.5,126
43.52763058289175,2.5,2.25,3.0,2.25,90
43.60333080999243,2.5,2.75,3.25,2.75,123
43.67903103709311,2.75,2.75,3.25,2.75,115
43.75473126419379,2.75,2.5,3.0,2.5,112
43.830431491294476,2.5,2.75,3.25,3.0,116
43.90613171839516,3.25,3.0,3.5,2.75,179
43.98183194549584,2.75,3.0,3.5,3.25,90
44.05753217259652,3.25,3.5,3.75,3.25,205
44.1332323996972,3.25,3.5,3.75,3.5,107
44.20893262679788,3.5,3.5,4.0,3.5,104
44.284632853898565,3.5,3.5,4.25,3.5,80
44.36033308099925,3.75,3.5,4.0,3.75,214
44.43603330809993,4.0,3.75,4.25,4.0,136
44.511733535200605,4.0,3.75,4.5,4.0,29
44.58743376230129,4.0,4.25,4.75,4.25,312
44.66313398940197,4.25,4.5,5.0,4.75,218
44.73883421650265,4.75,4.5,5.25,4.75,95
44.814534443603335,4.75,4.75,5.5,5.0,326
44.89023467070401,5.0,5.0,5.5,5.25,292
44.96593489780469,5.25,5.5,6.0,5.75,290
45.041635124905376,5.75,5.5,6.25,5.5,432
45.11733535200606,5.75,5.75,6.5,5.75,209
45.19303557910674,6.0,6.0,6.5,6.25,356
45.268735806207424,6.25,6.25,6.75,6.0,160
45.3444360333081,6.0,5.75,6.5,6.0,34
45.42013626040878,6.0,6.0,6.5,5.75,194
45.495836487509465,6.0,6.25,6.25,5.75,683
45.57153671461015,5.75,5.75,6.0,5.5,643
45.64723694171083,5.5,5.25,5.75,5.5,503
45.722937168811505,5.5,5.5,5.75,5.0,392
45.79863739591219,5.0,4.75,5.5,4.75,296
45.87433762301287,4.75,4.5,4.0,3.5,537
45.95003785011355,3.75,3.75,4.25,4.0,298
46.025738077214235,4.0,3.75,4.5,3.75,461
46.10143830431492,3.75,5.0,4.5,5.25,401
46.17713853141559,5.25,5.75,5.75,6.0,499
46.252838758516276,6.0,6.25,6.5,6.0,709
46.32853898561696,6.0,5.75,5.75,5.25,553
46.40423921271764,5.5,5.5,5.5,5.25,357
46.479939439818324,5.0,5.25,5.5,5.25,306
46.555639666919,5.25,5.0,5.25,4.75,248
46.63133989401968,4.75,4.5,3.5,3.0,1083
46.707040121120365,3.0,3.0,3.25,2.75,331
46.78274034822105,2.75,2.75,3.25,2.75,220
46.85844057532173,2.75,2.5,3.0,2.25,223
46.93414080242241,2.25,2.75,3.0,2.75,295
47.00984102952309,2.75,2.75,3.25,2.75,219
47.08554125662377,2.75,2.75,3.0,2.25,278
47.16124148372445,2.0,2.5,2.75,2.5,270
47.236941710825135,2.75,3.0,3.25,3.25,252
47.31264193792582,3.25,3.5,3.75,3.75,191
47.3883421650265,3.5,3.5,4.0,3.75,135
47.464042392127176,3.75,3.5,4.0,3.5,250
47.53974261922786,3.5,3.25,3.75,3.5,148
47.61544284632854,3.5,4.25,4.25,4.25,257
47.691143073429224,4.25,4.25,4.75,4.5,259
47.76684330052991,4.5,4.25,4.75,4.25,316
47.84254352763058,4.25,5.0,5.0,4.75,227
47.918243754731265,4.75,4.5,5.0,4.5,335
47.99394398183195,4.5,4.5,5.0,4.25,175
48.06964420893263,4.5,4.5,5.25,4.5,129
48.14534443603331,4.25,4.0,4.0,3.5,343
48.221044663133995,3.5,3.5,4.0,3.25,70
48.29674489023467,3.5,3.5,3.75,3.0,77
48.37244511733535,3.25,3.0,3.25,2.75,439
48.448145344436035,3.0,3.25,3.5,2.75,411
48.52384557153672,3.0,3.25,3.5,3.25,229
48.5995457986374,3.25,3.0,3.5,2.75,54
48.675246025738076,2.5,3.25,3.25,3.5,124
48.75094625283876,3.5,3.75,4.25,4.0,218
48.82664647993944,3.75,3.5,4.0,3.25,150
48.902346707040124,3.25,3.0,3.5,3.0,71
48.97804693414081,2.75,3.0,3.5,3.0,109
49.05374716124149,2.75,3.0,3.25,2.5,121
49.129447388342165,2.75,3.0,3.0,2.25,444
49.20514761544285,2.5,2.5,2.75,2.5,365
49.28084784254353,2.5,2.25,2.5,1.75,334
49.35654806964421,1.75,2.0,2.25,1.5,153
49.432248296744895,1.75,2.25,2.5,2.25,208
49.50794852384557,2.25,2.0,2.75,2.0,88
49.58364875094625,2.0,1.75,1.5,0.75,404
49.659348978046935,1.0,1.25,1.5,1.25,167
49.73504920514762,1.25,1.25,2.0,1.5,281
49.8107494322483,1.5,1.75,2.25,1.75,157
49.88644965934898,1.75,1.75,2.0,1.25,226
49.96214988644966,1.25,1.25,1.75,1.25,212
50.03785011355034,1.25,1.75,2.0,2.0,294
50.113550340651024,2.0,2.5,2.75,2.5,245
50.18925056775171,2.75,3.5,3.5,3.5,446
50.26495079485239,3.5,4.0,4.0,4.0,257
50.34065102195307,4.0,4.0,4.5,4.25,612
50.41635124905375,4.25,4.5,5.0,4.5,310
50.49205147615443,4.25,4.25,5.0,4.25,179
50.56775170325511,4.25,4.5,5.0,4.5,317
50.643451930355795,4.5,4.25,4.5,3.75,287
50.71915215745648,3.75,3.5,4.0,3.25,113
50.79485238455715,3.25,4.0,4.0,4.25,306
50.870552611657835,4.25,4.25,5.0,4.25,123
50.94625283875852,4.25,5.5,5.0,5.5,634
51.0219530658592,5.5,5.5,6.0,5.5,247
51.09765329295988,5.5,6.0,6.25,5.5,379
51.173353520060566,5.5,5.5,5.75,5.75,526
51.24905374716124,5.5,5.75,6.25,5.5,194
51.324753974261924,5.5,5.25,6.0,5.25,118
51.40045420136261,5.25,6.0,6.0,6.25,262
51.47615442846329,6.0,6.0,6.25,5.75,166
51.55185465556397,5.5,5.75,6.25,5.75,274
51.62755488266465,5.75,5.75,6.25,6.0,148
51.70325510976533,6.0,6.5,6.5,6.5,426
51.77895533686601,6.5,6.5,7.25,6.75,446
51.854655563966695,6.5,6.5,6.75,6.0,193
51.93035579106738,6.0,6.0,6.5,6.0,153
52.00605601816806,5.75,5.75,6.0,5.25,185
52.081756245268735,5.25,5.25,6.0,5.25,130
52.15745647236942,5.25,6.0,6.0,6.25,238
52.2331566994701,6.0,6.5,6.75,6.5,501
52.30885692657078,6.5,6.25,6.25,5.75,139
52.384557153671466,5.75,5.75,6.25,5.5,153
52.46025738077214,5.5,5.5,6.0,5.25,270
52.535957607872824,5.25,5.25,5.75,5.25,224
52.61165783497351,5.25,5.0,5.75,5.0,191
52.68735806207419,5.0,5.0,5.0,4.5,243
52.76305828917487,4.5,4.5,5.0,4.25,316
52.838758516275554,4.25,4.0,4.25,4.25,382
52.91445874337623,4.25,4.5,4.75,4.5,500
52.99015897047691,4.5,4.5,5.25,4.5,63
53.065859197577595,4.75,5.25,5.5,5.5,189
53.14155942467828,5.75,6.5,6.5,6.0,326
53.21725965177896,6.0,6.0,6.0,5.5,368
53.29295987887964,5.5,5.75,6.25,5.5,85
53.36866010598032,5.5,5.75,6.25,6.0,97
53.444360333081,6.0,5.75,6.0,5.25,200
53.52006056018168,5.25,5.75,6.0,6.0,69
53.595760787282366,6.0,6.5,6.75,6.75,294
53.67146101438305,7.0,8.75,7.5,8.5,2016
53.747161241483724,8.5,8.25,8.25,8.0,599
53.82286146858441,8.0,8.0,8.5,8.0,330
53.89856169568509,8.0,8.5,8.5,8.5,232
53.97426192278577,8.5,8.25,8.75,8.0,133
54.049962149886454,8.25,8.5,9.0,8.5,232
54.12566237698714,8.5,9.0,9.0,8.75,267
54.20136260408781,8.75,8.75,9.5,8.75,563
54.277062831188495,8.75,8.75,9.25,8.75,152
54.35276305828918,8.5,9.0,9.25,9.0,97
54.42846328538986,9.0,9.0,9.25,8.5,382
54.50416351249054,8.75,8.5,9.0,8.5,104
54.57986373959122,8.75,8.5,9.0,8.5,197
54.6555639666919,8.5,8.75,9.25,8.75,246
54.73126419379258,9.0,9.0,9.5,9.25,137
54.806964420893266,9.0,9.0,9.75,9.25,108
54.88266464799395,9.25,9.0,9.25,8.5,176
54.95836487509463,8.5,8.5,9.0,8.5,178
55.03406510219531,8.5,8.5,9.25,8.75,181
55.10976532929599,9.0,8.75,9.25,8.75,184
55.18546555639667,8.5,8.75,9.25,9.0,215
55.261165783497354,9.0,8.75,9.25,8.5,119
55.33686601059804,8.5,8.5,9.0,8.75,381
55.41256623769871,8.75,9.75,9.5,9.75,582
55.488266464799395,9.75,10.25,10.25,10.25,1345
55.56396669190008,10.0,10.25,10.5,10.5,901
55.63966691900076,10.5,10.25,10.75,10.25,281
55.71536714610144,10.0,10.0,10.25,9.5,347
55.791067373202125,9.75,9.5,10.25,9.5,27
55.8667676003028,9.5,9.5,10.25,9.75,82
55.94246782740348,9.5,9.5,9.75,9.0,311
56.018168054504166,9.0,9.75,9.75,9.75,275
56.09386828160485,9.75,9.5,10.0,9.5,128
56.16956850870553,9.5,9.25,9.5,9.0,549
56.24526873580621,9.0,9.25,9.5,9.5,373
56.32096896290689,9.75,9.75,10.0,9.25,167
56.39666919000757,9.25,11.75,10.0,11.5,2057
56.472369417108254,11.5,11.25,11.5,10.75,695
56.54806964420894,11.0,10.75,10.75,10.25,503
56.62376987130962,10.25,11.0,10.5,11.25,428
56.699470098410295,11.0,12.25,11.5,12.25,1300
56.77517032551098,12.25,12.25,12.0,12.5,1041
56.85087055261166,12.25,12.25,12.5,11.75,513
56.92657077971234,11.75,11.75,12.25,11.75,236
57.002271006813025,12.0,11.75,12.25,11.5,327
57.07797123391371,11.5,11.25,12.0,11.5,277
57.15367146101438,11.5,11.5,12.0,11.25,100
57.229371688115066,11.25,11.0,11.75,11.25,146
57.30507191521575,11.5,11.5,12.0,11.5,199
57.38077214231643,11.75,11.75,12.25,11.75,103
57.456472369417114,11.75,11.75,12.5,12.0,112
57.53217259651779,11.75,11.75,12.25,11.5,201
57.60787282361847,11.5,11.25,11.25,11.0,592
57.683573050719154,11.25,11.0,11.75,11.25,456
57.75927327781984,11.25,11.0,11.5,10.75,43
57.83497350492052,11.0,11.0,11.5,10.75,95
57.9106737320212,10.75,10.5,11.0,10.25,161
57.98637395912188,10.25,10.5,11.0,10.5,177
58.06207418622256,10.75,11.0,11.5,11.0,271
58.13777441332324,10.75,10.75,11.5,11.0,264
58.213474640423925,10.75,11.5,11.5,11.75,230
58.28917486752461,11.75,12.25,12.5,12.25,341
58.36487509462528,12.25,12.0,11.5,11.0,451
58.440575321725966,11.25,11.25,11.75,11.25,78
58.51627554882665,11.25,11.75,11.75,12.0,481
58.59197577592733,12.0,12.0,12.75,12.0,179
58.667676003028014,12.0,12.25,12.75,12.25,651
58.743376230128696,12.25,12.0,12.5,12.0,163
58.81907645722937,12.0,12.25,12.5,12.25,197
58.894776684330054,12.25,12.0,12.5,12.0,104
58.97047691143074,12.0,12.0,12.75,12.25,23
59.04617713853142,12.0,12.25,12.75,12.25,205
59.1218773656321,12.25,13.5,12.75,13.25,1061
59.19757759273278,13.5,13.25,13.5,13.0,555
59.27327781983346,13.0,13.0,13.5,13.0,156
59.34897804693414,13.25,13.0,13.5,13.0,395
59.424678274034825,13.25,13.0,13.75,13.25,304
59.50037850113551,13.0,12.75,13.25,12.75,242
59.57607872823619,12.75,12.5,13.25,12.5,170
59.651778955336866,12.75,13.25,13.5,13.25,165
59.72747918243755,13.0,13.25,13.75,13.25,199
59.80317940953823,13.25,13.25,13.75,13.25,244
59.878879636638914,13.25,13.75,13.75,13.5,273
59.954579863739596,13.25,13.0,13.5,12.75,119
60.03028009084028,12.75,13.0,13.25,13.0,382
60.105980317940954,13.0,12.75,13.25,12.75,118
60.18168054504164,12.75,12.75,13.5,13.0,134
60.25738077214232,13.0,12.75,13.5,12.75,173
60.333080999243,12.75,12.75,13.0,12.75,275
60.408781226343685,12.75,12.5,13.0,12.5,187
60.48448145344436,12.25,12.0,12.75,12.0,342
60.56018168054504,12.0,12.75,12.75,12.75,198
60.635881907645725,12.75,12.75,13.0,12.5,249
60.71158213474641,12.5,12.25,12.75,12.5,201
60.78728236184709,12.25,12.0,12.5,12.0,513
60.86298258894777,12.0,12.25,12.5,12.25,512
60.93868281604845,12.25,12.0,12.5,12.0,142
61.01438304314913,12.0,11.75,12.0,11.5,289
61.09008327024981,11.5,11.75,12.0,11.75,343
61.165783497350496,11.75,12.25,12.5,12.5,181
61.24148372445118,12.5,12.25,12.5,11.75,172
61.317183951551854,11.75,13.0,12.5,13.0,555
61.39288417865254,13.0,12.75,13.25,12.5,249
61.46858440575322,12.5,12.5,12.75,12.0,219
61.5442846328539,12.25,12.0,12.75,12.0,49
61.619984859954585,12.0,11.75,12.0,11.25,188
61.69568508705527,11.5,11.75,12.0,11.25,394
61.77138531415594,11.25,11.25,11.75,11.0,303
61.847085541256625,11.0,11.5,11.5,11.75,297
61.92278576835731,11.75,11.5,12.0,11.25,270
61.99848599545799,11.25,11.5,11.75,11.5,326
62.07418622255867,11.5,11.25,11.75,11.25,232
62.14988644965935,11.0,11.0,11.75,11.25,43
62.22558667676003,11.25,11.25,11.75,11.25,277
62.30128690386071,11.5,12.0,12.25,12.0,434
62.376987130961396,12.25,12.0,12.5,11.75,90
62.45268735806208,11.75,12.0,12.5,12.0,155
62.52838758516276,12.0,12.25,12.5,11.75,285
62.60408781226344,11.75,11.5,11.75,11.25,242
62.67978803936412,11.5,11.75,12.0,12.0,221
62.7554882664648,12.0,12.0,12.5,12.0,332
62.831188493565485,11.75,12.0,12.5,12.0,49
62.90688872066617,12.25,12.5,13.0,12.5,227
62.98258894776684,12.75,12.75,13.25,13.0,178
63.058289174867525,13.0,13.0,13.5,13.0,414
63.13398940196821,13.0,13.0,13.5,13.25,201
63.20968962906889,13.0,12.75,13.5,12.75,161
63.28538985616957,13.0,12.75,13.25,12.5,160
63.361090083270255,12.5,12.5,13.0,12.25,87
63.43679031037093,12.25,12.0,12.75,12.0,313
63.51249053747161,12.25,12.0,12.5,12.0,354
63.588190764572296,11.75,12.5,12.25,12.5,495
63.66389099167298,12.5,13.25,13.25,13.5,552
63.73959121877366,13.5,13.5,13.75,13.5,669
63.815291445874344,13.25,13.75,14.0,13.75,714
63.89099167297502,13.75,14.25,14.5,14.5,1207
63.9666919000757,14.5,14.5,15.0,14.5,913
64.04239212717638,14.5,14.25,15.0,14.5,327
64.11809235427707,14.5,14.75,15.0,15.0,360
64.19379258137775,15.0,15.0,15.5,15.0,241
64.26949280847843,15.0,14.75,15.0,14.25,665
64.34519303557911,14.5,14.75,15.0,14.5,667
64.4208932626798,14.25,14.5,15.0,14.75,632
64.49659348978047,14.75,14.5,15.0,14.25,335
64.57229371688115,14.5,14.75,15.0,14.75,854
64.64799394398183,14.75,14.75,15.25,14.75,353
64.72369417108251,14.75,14.75,15.0,14.25,834
64.7993943981832,14.5,14.5,14.75,14.0,434
64.87509462528388,14.0,14.25,14.75,14.0,288
64.95079485238456,14.0,14.0,14.25,13.75,342
65.02649507948524,13.75,14.0,14.5,14.0,251
65.10219530658593,14.0,14.0,13.75,13.0,476
65.17789553368661,13.0,13.25,13.0,13.5,974
65.25359576078729,13.25,13.0,13.75,13.25,204
65.32929598788796,13.0,13.0,13.5,13.25,485
65.40499621498864,13.0,13.0,13.5,13.25,180
65.48069644208933,13.25,13.25,13.75,13.5,361
65.55639666919001,13.25,13.25,13.75,13.0,274
65.63209689629069,13.0,13.0,13.75,13.25,183
65.70779712339137,13.0,13.25,13.75,13.5,151
65.78349735049206,13.25,13.25,13.75,13.0,89
65.85919757759274,13.0,13.0,13.25,12.75,470
65.93489780469342,12.75,12.75,12.0,11.25,1601
66.0105980317941,11.25,11.75,11.75,11.25,1256
66.08629825889479,11.0,10.75,10.75,10.75,2247
66.16199848599545,10.75,10.75,11.25,10.75,445
66.23769871309614,11.0,11.25,11.5,11.0,611
66.31339894019682,11.0,11.0,11.5,11.0,536
66.3890991672975,11.0,11.25,11.75,11.0,266
66.46479939439818,11.0,11.75,11.75,12.0,461
66.54049962149887,12.0,11.75,12.5,12.0,160
66.61619984859955,12.0,11.75,12.25,11.75,234
66.69190007570023,11.75,11.75,12.25,11.75,392
66.76760030280091,11.75,12.25,12.5,12.25,531
66.8433005299016,12.25,12.5,12.75,12.75,326
66.91900075700228,12.75,12.5,13.0,12.75,290
66.99470098410295,12.5,12.25,11.5,11.25,1260
67.07040121120363,11.25,11.25,11.75,11.25,173
67.14610143830431,11.0,11.0,11.5,11.0,210
67.221801665405,11.0,11.0,11.5,11.0,459
67.29750189250568,11.0,10.75,10.75,10.0,794
67.37320211960636,10.0,10.25,10.75,10.0,634
67.44890234670704,10.0,11.0,10.75,11.25,328
67.52460257380773,11.25,11.5,11.75,11.0,591
67.60030280090841,11.0,10.75,11.0,10.75,365
67.67600302800909,10.75,11.0,11.5,11.25,147
67.75170325510977,11.0,11.0,11.5,11.25,473
67.82740348221046,11.25,11.0,11.5,11.25,253
67.90310370931113,11.0,10.75,11.5,11.0,69
67.97880393641181,11.0,11.25,11.5,10.75,535
68.05450416351249,11.0,10.75,11.5,10.75,132
68.13020439061317,10.75,10.75,10.5,10.0,1182
68.20590461771386,10.25,10.25,10.75,10.5,552
68.28160484481454,10.5,11.75,11.0,11.75,1243
68.35730507191522,11.75,12.5,12.25,12.5,681
68.4330052990159,12.75,12.5,12.75,12.25,483
68.50870552611659,12.25,12.25,12.75,12.5,230
68.58440575321727,12.75,12.75,13.25,12.75,509
68.66010598031795,13.0,12.75,12.5,11.75,549
68.73580620741862,11.75,11.75,12.0,11.25,525
68.8115064345193,11.5,11.25,12.0,11.25,255
68.88720666161998,11.25,11.5,12.0,11.25,339
68.96290688872067,11.5,11.5,12.0,11.5,447
69.03860711582135,11.5,11.25,10.75,10.0,1041
69.11430734292203,10.0,13.0,10.75,12.75,2155
69.19000757002271,12.75,12.5,12.75,12.0,435
69.2657077971234,12.25,12.0,12.25,11.5,383
69.34140802422408,11.75,12.5,12.5,12.25,600
69.41710825132476,12.5,13.5,13.25,13.75,932
69.49280847842545,13.75,14.0,14.0,13.5,1473
69.56850870552611,13.5,13.25,13.75,13.25,507
69.6442089326268,13.25,13.25,13.75,13.25,289
69.71990915972748,13.25,13.5,13.75,13.25,587
69.79560938682816,13.5,13.5,14.0,13.75,290
69.87130961392884,13.75,14.0,14.25,14.0,281
69.94700984102953,14.25,14.25,14.5,14.0,952
70.02271006813021,14.0,14.0,14.0,13.25,503
70.09841029523089,13.25,13.0,13.25,12.5,1112
70.17411052233157,12.75,13.5,13.25,13.5,1256
70.24981074943226,13.5,14.25,14.0,13.25,1924
70.32551097653294,13.5,13.75,14.0,13.75,1645
70.40121120363361,13.75,14.25,14.5,14.5,1268
70.47691143073429,14.25,15.5,15.0,15.25,12902
70.55261165783497,15.5,16.75,16.0,16.75,10292
70.62831188493566,17.0,18.0,17.25,17.75,10537
70.70401211203634,17.75,18.25,18.25,18.0,5816
70.77971233913702,18.25,18.5,18.0,17.25,5573
70.8554125662377,17.5,19.25,18.0,19.0,8149
70.93111279333839,19.0,19.25,19.5,19.25,5579
71.00681302043907,19.5,19.5,19.5,19.0,5839
71.08251324753975,19.25,19.75,19.0,19.75,4426
71.15821347464043,20.0,20.5,20.0,20.5,4324
71.2339137017411,20.75,20.75,19.25,19.25,7653
71.30961392884178,19.5,19.5,19.5,19.25,4568
71.38531415594247,19.25,20.75,20.0,20.75,5331
71.46101438304315,20.75,21.25,20.5,20.75,6460
71.53671461014383,21.0,22.75,21.5,22.75,6857
71.61241483724451,22.5,24.0,23.25,23.75,9375
71.6881150643452,23.75,24.0,22.75,22.25,6527
71.76381529144588,22.25,22.5,22.75,22.75,4998
71.83951551854656,22.75,23.0,22.25,21.5,5084
71.91521574564725,21.5,21.75,21.5,20.75,3923
71.99091597274793,21.0,21.0,20.0,19.25,5282
72.0666161998486,19.5,19.5,19.0,18.25,5549
72.14231642694928,18.5,20.5,19.25,20.5,6933
72.21801665404996,20.5,21.75,21.25,22.0,6826
72.29371688115064,22.0,22.25,21.25,22.0,3685
72.36941710825133,22.0,22.25,21.25,21.25,3139
72.44511733535201,21.0,21.75,21.75,21.25,2120
72.52081756245269,21.5,22.75,22.0,22.5,3248
72.59651778955337,22.75,23.5,23.0,23.75,3738
72.67221801665406,23.75,24.25,24.0,24.5,3084
72.74791824375474,24.25,24.75,22.25,21.5,8881
72.82361847085542,21.5,24.25,22.25,24.0,5739
72.89931869795609,24.0,24.0,23.5,23.25,3739
72.97501892505677,23.5,24.25,23.5,23.0,3610
73.05071915215746,23.25,24.25,22.75,22.25,5107
73.12641937925814,22.5,22.5,21.75,21.5,5327
73.20211960635882,21.5,21.75,21.5,21.25,6931
73.2778198334595,21.0,21.0,20.5,20.0,4287
73.35352006056019,20.0,20.5,20.0,20.0,4876
73.42922028766087,20.0,21.25,20.25,19.5,3443
73.50492051476155,19.75,20.75,19.75,21.0,3429
73.58062074186223,21.0,21.0,20.75,21.0,3272
73.65632096896292,20.75,21.75,21.0,20.25,4096
73.73202119606358,20.5,21.75,21.25,21.5,3158
73.80772142316427,21.5,21.75,21.5,21.0,1791
73.88342165026495,21.0,22.0,20.75,20.25,3120
73.95912187736563,20.25,20.25,20.25,19.5,2607
74.03482210446631,19.5,21.75,20.25,21.5,4395
74.110522331567,21.5,21.5,21.25,20.75,3490
74.18622255866768,20.75,22.0,21.5,22.25,1634
74.26192278576836,22.25,22.0,20.75,20.0,3757
74.33762301286905,20.25,20.75,19.75,20.75,3731
74.41332323996973,20.75,21.5,21.0,20.25,2568
74.48902346707041,20.25,20.25,19.25,19.25,4668
74.5647236941711,19.5,20.0,20.0,19.5,2182
74.64042392127176,19.5,20.25,20.0,19.75,1530
74.71612414837244,19.75,21.0,20.5,21.0,2412
74.79182437547313,20.75,21.25,21.5,21.5,2113
74.86752460257381,21.5,22.75,22.0,22.75,2908
74.94322482967449,23.0,22.75,22.0,21.75,3246
75.01892505677517,21.75,22.25,20.75,20.5,3249
75.09462528387586,20.75,20.5,19.75,19.5,3459
75.17032551097654,19.5,20.25,18.5,18.0,3903
75.24602573807722,18.25,19.25,18.75,19.0,2799
75.3217259651779,19.0,19.25,19.25,18.5,2106
75.39742619227859,18.5,18.5,17.75,17.0,3881
75.47312641937926,17.25,18.0,17.75,18.0,3206
75.54882664647994,18.0,17.75,17.75,17.5,2479
75.62452687358062,17.5,19.25,18.0,19.0,2997
75.7002271006813,19.25,19.0,19.0,18.5,2886
75.77592732778199,18.75,19.5,19.25,19.5,2509
75.85162755488267,19.5,19.75,18.75,18.75,3589
75.92732778198335,18.75,19.75,18.25,19.5,3030
76.00302800908403,19.75,19.75,18.5,18.0,2403
76.07872823618472,18.25,18.25,18.25,18.25,1966
76.1544284632854,18.5,20.25,19.0,20.5,3516
76.23012869038608,20.5,20.5,19.75,20.0,2937
76.30582891748675,20.0,21.0,20.25,21.0,2318
76.38152914458743,21.0,22.0,21.5,21.5,3379
76.45722937168811,21.5,23.0,22.0,23.25,3618
76.5329295987888,23.25,23.75,23.0,23.75,4360
76.60862982588948,23.75,24.75,24.25,24.5,6084
76.68433005299016,24.5,24.5,24.75,24.0,2603
76.76003028009085,24.25,24.75,24.5,25.0,3129
76.83573050719153,25.0,25.25,25.0,24.5,4202
76.91143073429221,24.75,25.75,25.5,25.75,3878
76.9871309613929,26.0,26.25,26.0,26.0,5545
77.06283118849358,26.25,26.25,26.0,25.25,3003
77.13853141559424,25.5,25.25,25.25,24.75,2887
77.21423164269493,25.0,25.5,25.5,25.75,2247
77.28993186979561,25.75,26.0,25.5,25.75,2422
77.36563209689629,26.0,26.25,26.75,26.5,1785
77.44133232399697,26.5,26.25,25.0,24.5,2864
77.51703255109766,24.5,24.5,24.5,24.5,2099
77.59273277819834,24.5,25.0,25.25,24.75,1908
77.66843300529902,24.75,24.5,24.5,24.25,2220
77.7441332323997,24.0,24.5,24.25,24.25,2510
77.81983345950039,24.25,24.25,24.25,23.5,1447
77.89553368660107,23.75,23.5,23.0,23.25,3376
77.97123391370174,23.0,23.25,22.75,22.5,3248
78.04693414080242,22.5,22.25,21.75,21.0,3338
78.1226343679031,21.25,21.5,21.75,21.25,2180
78.19833459500379,21.0,22.0,21.75,21.75,2678
78.27403482210447,21.75,22.25,22.25,22.25,1629
78.34973504920515,22.25,22.0,21.75,21.5,2590
78.42543527630583,21.5,22.5,22.0,22.75,1847
78.50113550340652,23.0,23.25,23.5,23.25,2083
78.5768357305072,23.5,23.5,23.0,23.0,2319
78.65253595760788,23.0,23.0,20.75,20.0,3571
78.72823618470856,20.0,20.25,19.75,19.5,6915
78.80393641180923,19.75,20.5,20.25,20.5,2294
78.87963663890991,20.5,21.0,21.0,20.75,1631
78.9553368660106,20.75,21.25,20.75,20.5,2042
79.03103709311128,20.5,20.5,19.25,18.5,2413
79.10673732021196,18.5,19.75,19.25,20.0,2416
79.18243754731265,20.0,20.5,20.5,20.5,1542
79.25813777441333,20.75,20.5,20.5,20.0,2131
79.33383800151401,20.25,20.0,19.75,19.75,1632
79.4095382286147,19.5,19.75,19.75,19.25,1156
79.48523845571538,19.0,20.5,19.75,20.0,1958
79.56093868281606,20.0,20.75,20.5,20.25,1842
79.63663890991673,20.25,20.25,20.25,19.5,1369
79.71233913701741,19.5,19.25,18.75,18.75,3181
79.78803936411809,18.75,20.0,18.75,20.0,3164
79.86373959121877,20.0,20.0,20.0,20.0,2342
79.93943981831946,20.0,19.75,19.25,19.5,1861
80.01514004542014,19.5,20.25,19.75,20.0,2236
80.09084027252082,20.0,21.0,20.75,21.0,1950
80.1665404996215,21.25,22.0,21.5,22.0,2572
80.24224072672219,22.0,22.25,22.5,22.25,1430
80.31794095382287,22.25,22.75,22.5,22.75,2468
80.39364118092355,23.0,23.25,22.75,22.5,2389
80.46934140802422,22.75,22.5,22.75,22.75,1658
80.5450416351249,22.75,22.75,22.75,22.25,1219
80.62074186222559,22.5,22.25,22.0,21.75,1649
80.69644208932627,21.75,21.5,20.5,19.75,2756
80.77214231642695,20.0,19.75,19.75,19.25,2200
80.84784254352763,19.5,19.25,17.25,17.0,5739
80.92354277062832,17.25,17.25,17.0,17.25,4343
80.999242997729,17.25,18.25,17.75,18.25,2350
81.07494322482968,18.5,18.25,17.5,17.0,2074
81.15064345193036,17.25,17.0,15.5,15.25,6753
81.22634367903105,15.5,15.5,14.25,14.0,6285
81.30204390613173,14.0,13.75,13.25,13.5,5112
81.3777441332324,13.5,15.0,14.0,14.25,4615
81.45344436033308,14.25,15.0,14.5,14.75,3811
81.52914458743376,15.0,15.75,15.0,15.0,4376
81.60484481453445,15.0,14.75,14.75,15.0,2396
81.68054504163513,15.0,15.75,15.0,15.5,3399
81.75624526873581,15.5,15.5,15.5,15.5,3107
81.8319454958365,15.5,16.0,15.75,16.0,2191
81.90764572293718,16.0,16.25,16.5,16.5,1555
81.98334595003786,16.5,17.25,17.25,17.25,2880
82.05904617713854,17.25,17.0,16.0,16.25,2651
82.13474640423922,16.25,16.5,16.0,16.5,1935
82.21044663133989,16.5,16.75,16.25,16.25,2224
82.28614685844057,16.25,17.25,16.75,16.75,1637
82.36184708554126,17.0,17.0,16.0,15.25,2764
82.43754731264194,15.5,16.0,15.75,16.0,2481
82.51324753974262,16.0,16.0,15.5,15.75,1808
82.5889477668433,15.5,16.25,15.75,16.25,1657
82.66464799394399,16.25,16.0,16.5,16.0,727
82.74034822104467,16.25,16.0,16.25,16.0,1033
82.81604844814535,16.0,16.0,15.5,16.25,1685
82.89174867524603,16.25,16.75,16.25,16.5,1892
82.96744890234672,16.25,16.5,16.0,16.75,1290
83.04314912944739,16.75,17.25,17.25,17.5,1363
83.11884935654807,17.5,17.25,17.5,17.5,1472
83.19454958364875,17.5,17.25,17.5,17.0,756
83.27024981074943,17.25,17.25,17.25,17.25,1258
83.34595003785012,17.5,17.75,17.0,16.25,2690
83.4216502649508,16.25,16.75,16.25,16.0,2047
83.49735049205148,16.25,16.0,16.0,15.25,1696
83.57305071915216,15.25,15.25,13.5,13.0,4216
83.64875094625285,13.0,12.75,12.5,12.5,4587
83.72445117335353,12.5,13.25,12.5,13.25,4067
83.80015140045421,13.0,13.0,11.75,11.0,3961
83.87585162755488,11.25,12.0,11.75,11.5,3765
83.95155185465556,11.5,12.25,11.75,12.25,2453
84.02725208175625,12.25,12.75,12.5,12.0,2513
84.10295230885693,11.75,12.75,12.5,12.75,2497
84.17865253595761,12.75,12.5,11.75,11.75,2538
84.2543527630583,12.0,12.0,11.75,11.25,2578
84.33005299015898,11.25,12.75,11.75,12.75,2419
84.40575321725966,12.5,12.25,11.5,10.75,2220
84.48145344436034,11.0,12.5,11.5,12.0,2542
84.55715367146102,12.0,11.75,11.25,10.75,2310
84.6328538985617,11.0,11.75,11.25,11.25,2445
84.70855412566237,11.5,11.25,10.75,11.25,2498
84.78425435276306,11.25,11.0,10.5,9.75,2578
84.85995457986374,10.0,10.25,8.75,8.5,6858
84.93565480696442,8.5,9.75,9.0,9.75,3278
85.0113550340651,9.75,9.75,9.25,8.5,2163
85.08705526116579,8.75,8.5,8.5,8.25,4638
85.16275548826647,8.5,9.25,9.0,8.75,1984
85.23845571536715,9.0,9.0,8.75,8.0,2518
85.31415594246783,8.25,8.5,8.5,8.0,1860
85.38985616956852,8.0,8.0,8.25,7.75,2032
85.4655563966692,7.75,8.0,7.5,7.0,3732
85.54125662376987,7.25,7.75,7.5,7.25,3803
85.61695685087055,7.5,8.5,8.0,8.5,2316
85.69265707797123,8.5,9.75,9.0,10.0,3012
85.76835730507192,9.75,10.0,10.25,9.5,2909
85.8440575321726,9.75,10.0,10.25,10.0,1838
85.91975775927328,10.0,10.25,10.5,10.5,1333
85.99545798637396,10.5,11.0,10.75,10.0,2588
86.07115821347465,10.25,10.75,10.25,10.75,1399
86.14685844057533,10.75,11.0,10.25,9.75,1665
86.22255866767601,10.0,10.0,9.25,8.75,2341
86.2982588947767,9.0,10.75,9.5,10.5,2197
86.37395912187736,10.75,11.0,10.5,10.25,2132
86.44965934897805,10.5,11.5,11.0,10.5,2735
86.52535957607873,10.75,11.25,11.25,11.5,1521
86.60105980317941,11.75,12.0,11.75,12.25,2284
86.6767600302801,12.25,12.5,11.75,11.0,2148
86.75246025738078,10.75,11.0,11.0,10.25,1738
86.82816048448146,10.25,11.0,11.0,10.75,756
86.90386071158214,10.75,11.75,11.25,11.5,1568
86.97956093868282,11.5,11.5,11.0,10.25,2515
87.0552611657835,10.5,11.5,11.0,11.25,1156
87.13096139288419,11.25,12.5,12.0,12.5,2260
87.20666161998486,12.5,12.75,13.0,12.5,3635
87.28236184708554,12.5,12.25,12.75,12.0,858
87.35806207418622,12.0,12.5,12.75,12.5,1507
87.4337623012869,12.5,13.0,13.25,13.0,1486
87.50946252838759,13.0,13.0,13.0,12.75,2237
87.58516275548827,12.75,12.5,13.0,12.5,1901
87.66086298258895,12.5,13.0,13.25,13.25,1202
87.73656320968963,13.25,13.5,13.75,13.75,2157
87.81226343679032,13.75,13.75,14.0,13.75,2807
87.887963663891,13.5,13.5,13.5,12.75,1770
87.96366389099168,12.75,12.5,13.0,12.5,1343
88.03936411809237,12.75,13.0,12.75,12.0,820
88.11506434519303,12.0,12.0,12.25,12.0,1297
88.19076457229372,12.0,12.0,12.25,12.0,1738
88.2664647993944,12.0,11.75,11.0,10.75,2675
88.34216502649508,10.5,10.5,10.75,10.5,1216
88.41786525359576,10.25,11.0,10.5,10.25,1855
88.49356548069645,10.25,11.0,10.25,10.0,1997
88.56926570779713,9.75,10.0,10.25,10.0,851
88.64496593489781,10.0,10.0,9.75,9.25,978
88.7206661619985,9.25,9.25,9.5,9.25,1097
88.79636638909918,9.5,9.5,9.25,8.75,2101
88.87206661619986,8.75,9.25,9.0,8.25,1886
88.94776684330053,8.25,8.5,8.75,8.25,1301
89.02346707040121,8.5,8.5,8.25,7.5,1396
89.0991672975019,7.5,7.5,6.25,5.75,6245
89.17486752460258,6.0,6.25,6.0,6.25,3546
89.25056775170326,6.0,5.75,5.5,6.0,5918
89.32626797880394,5.75,6.25,6.5,6.25,2731
89.40196820590462,6.25,7.0,6.5,7.25,2990
89.4776684330053,7.25,7.5,7.75,7.75,2261
89.55336866010599,7.75,7.5,7.5,7.0,1704
89.62906888720667,7.0,7.0,7.5,7.0,868
89.70476911430735,7.25,7.25,7.25,7.25,1536
89.78046934140802,7.25,8.0,8.0,8.0,1979
89.8561695685087,8.0,8.25,8.5,7.75,1385
89.93186979560939,7.75,7.75,7.75,8.0,1249
90.00757002271007,7.75,8.5,8.25,8.25,1278
90.08327024981075,8.25,8.25,8.75,8.25,684
90.15897047691143,8.0,8.5,8.75,8.25,1055
90.23467070401212,8.25,8.0,7.5,7.25,1838
90.3103709311128,7.25,7.25,6.75,6.5,2928
90.38607115821348,6.5,6.75,6.5,5.75,1065
90.46177138531417,5.75,7.0,6.5,6.0,1641
90.53747161241485,6.0,6.25,6.0,5.5,1836
90.61317183951552,5.5,6.0,5.75,5.25,2131
90.6888720666162,5.25,5.25,5.0,4.75,3120
90.76457229371688,4.75,4.5,4.5,3.75,2352
90.84027252081756,4.0,4.75,4.5,4.5,1981
90.91597274791825,4.25,5.25,4.75,4.75,2227
90.99167297501893,4.75,5.0,5.0,4.75,1485
91.06737320211961,4.5,4.5,4.0,3.5,1895
91.1430734292203,3.25,4.0,4.0,3.25,1229
91.21877365632098,3.5,3.75,3.75,3.75,2140
91.29447388342166,3.75,4.5,4.25,4.5,1265
91.37017411052234,4.5,5.0,4.25,5.0,1484
91.44587433762301,5.0,5.25,5.5,5.5,1743
91.5215745647237,5.5,5.75,5.75,5.0,1603
91.59727479182438,5.0,5.0,4.5,3.75,1612
91.67297501892506,3.75,3.75,2.5,2.25,7378
91.74867524602574,2.25,2.75,2.75,2.75,1592
91.82437547312642,3.0,2.75,2.75,3.0,1174
91.9000757002271,2.75,3.25,3.5,3.25,1565
91.97577592732779,3.5,3.25,3.0,3.0,1395
92.05147615442847,3.25,4.0,4.0,4.25,1558
92.12717638152915,4.0,4.25,4.5,4.5,1333
92.20287660862984,4.5,4.25,4.25,4.5,1552
92.2785768357305,4.5,4.75,5.0,4.75,1591
92.35427706283119,5.0,5.25,5.5,5.5,1121
92.42997728993187,5.5,5.25,5.5,5.25,3618
92.50567751703255,5.25,5.0,4.0,3.5,2012
92.58137774413323,3.5,3.25,3.5,3.5,2284
92.65707797123392,3.25,4.75,4.0,5.0,2191
92.7327781983346,4.75,4.75,5.25,5.0,686
92.80847842543528,5.0,4.75,5.0,4.75,610
92.88417865253597,4.75,4.75,4.25,4.25,909
92.95987887963665,4.0,5.0,4.0,3.75,2141
93.03557910673733,3.75,3.5,3.0,2.75,2248
93.111279333838,2.75,3.25,2.75,2.25,2263
93.18697956093868,2.25,2.75,2.5,2.5,2027
93.26267978803936,2.25,2.0,1.5,1.0,5284
93.33838001514005,1.0,1.0,0.75,0.5,3992
93.41408024224073,0.5,1.25,1.0,1.25,3444
93.48978046934141,1.0,2.0,1.5,2.25,2594
93.5654806964421,2.0,2.75,2.5,3.0,2148
93.64118092354278,2.75,3.75,3.25,3.5,2160
93.71688115064346,3.5,3.75,4.0,3.25,932
93.79258137774414,3.5,4.0,3.75,4.0,994
93.86828160484482,4.25,4.25,4.75,4.0,1341
93.94398183194551,4.25,4.75,4.75,4.75,1164
94.01968205904618,4.75,5.25,5.25,5.25,1894
94.09538228614686,5.25,5.75,5.0,4.5,5878
94.17108251324754,4.5,4.75,4.5,4.5,1795
94.24678274034822,4.75,6.0,5.25,6.25,1201
94.3224829674489,6.25,6.5,6.25,6.25,2589
94.39818319454959,6.0,6.5,6.75,6.75,1051
94.47388342165027,6.5,6.75,6.5,6.0,2019
94.54958364875095,6.25,6.75,6.75,6.75,763
94.62528387585164,6.75,7.0,6.75,6.5,1815
94.70098410295232,6.75,6.75,6.25,5.75,1813
94.776684330053,5.75,5.75,5.5,4.75,2036
94.85238455715367,5.0,4.75,5.0,4.5,1915
94.92808478425435,4.25,4.25,4.25,4.25,1788
95.00378501135503,4.5,4.5,3.5,2.75,2856
95.07948523845572,2.75,3.75,3.25,3.75,1799
95.1551854655564,3.75,4.75,4.5,4.75,2381
95.23088569265708,4.75,6.5,5.5,6.75,2504
95.30658591975777,6.75,7.0,6.5,6.25,2431
95.38228614685845,6.25,7.75,7.0,7.5,2457
95.45798637395913,7.5,8.75,7.75,9.0,3783
95.53368660105981,9.0,9.75,9.25,9.75,3872
95.6093868281605,10.0,10.0,9.75,9.0,2455
95.68508705526116,9.0,9.75,9.25,9.75,2055
95.76078728236185,9.75,9.5,9.25,9.0,1581
95.83648750946253,9.25,9.25,8.75,8.25,2180
95.91218773656321,8.25,8.5,8.75,8.25,1139
95.9878879636639,8.5,8.75,9.0,8.75,1305
96.06358819076458,8.75,10.25,9.25,10.25,2736
96.13928841786526,10.5,10.5,9.75,9.0,1711
96.21498864496594,9.25,9.25,8.75,8.5,2127
96.29068887206662,8.5,9.0,9.0,9.25,1818
96.36638909916731,9.0,10.0,9.5,10.25,2177
96.44208932626799,10.5,10.25,9.75,9.0,2137
96.51778955336866,9.25,9.25,8.5,8.25,2127
96.59348978046934,8.25,8.25,8.25,7.75,2202
96.66919000757002,7.75,8.0,7.75,8.0,2044
96.7448902346707,8.0,8.25,7.75,7.75,1388
96.82059046177139,7.5,8.75,8.25,8.5,1569
96.89629068887207,8.5,8.5,6.5,6.5,5314
96.97199091597275,6.75,6.75,6.25,6.75,3853
97.04769114307344,6.75,7.5,6.5,6.25,2660
97.12339137017412,6.25,6.75,6.25,6.25,2979
97.1990915972748,6.0,6.75,5.75,5.75,3152
97.27479182437548,5.75,6.75,6.25,6.0,1766
97.35049205147615,5.75,5.75,4.75,5.0,3270
97.42619227857683,5.0,5.25,5.5,5.25,1786
97.50189250567752,5.25,6.75,5.75,5.5,2546
97.5775927327782,5.5,5.5,5.5,5.25,1793
97.65329295987888,5.0,5.75,4.75,4.75,2680
97.72899318697957,4.5,4.75,3.5,4.5,3343
97.80469341408025,4.5,5.75,5.0,5.75,2357
97.88039364118093,5.75,6.75,5.5,7.0,2358
97.95609386828161,7.0,6.75,6.0,5.25,2161
98.0317940953823,5.25,6.25,6.0,6.25,1425
98.10749432248298,6.25,8.0,7.0,7.5,4362
98.18319454958365,7.5,8.0,7.75,8.0,1898
98.25889477668433,8.0,8.0,7.75,7.25,2429
98.33459500378501,7.25,7.0,6.25,6.0,2864
98.4102952308857,6.25,7.0,6.75,6.25,2554
98.48599545798638,6.25,7.0,6.25,6.5,2841
98.56169568508706,6.25,7.75,7.0,7.75,2356
98.63739591218774,7.75,7.5,7.25,6.75,1950
98.71309613928842,7.0,7.0,7.0,6.75,1804
98.78879636638911,6.75,7.25,6.25,6.0,2329
98.86449659348979,6.0,5.75,5.5,5.0,2177
98.94019682059047,5.25,7.25,6.0,7.0,2638
99.01589704769114,7.0,8.5,7.5,8.5,2583
99.09159727479182,8.25,9.0,8.25,7.75,2870
99.1672975018925,7.75,8.0,7.75,7.75,2217
99.24299772899319,7.75,8.0,8.0,8.0,1180
99.31869795609387,8.0,8.75,8.0,8.5,2923
99.39439818319455,8.5,9.5,9.0,9.5,2702
99.47009841029524,9.75,10.25,10.25,10.5,5508
99.54579863739592,10.5,10.5,9.5,9.75,6296
99.6214988644966,10.0,12.25,10.75,11.25,11309
99.69719909159728,11.5,11.75,12.0,12.0,3791
99.77289931869797,12.0,12.5,12.5,12.75,3900
99.84859954579863,12.75,13.75,13.0,13.5,12797
99.92429977289932,13.5,15.25,14.0,14.75,42500
100.0,14.5,15.0,13.25,13.0,20658
